-1.9635,1.9795
-2.1585,2.2404
-2.0594,1.813
-1.8718,1.9369
-2.1087,1.7458
-2.143,1.8556
-2.3466,1.7629
-2.055,2.0562
-2.2033,2.2795
-2.1695,1.9119
-1.8485,1.9791
-2.1668,2.4382
-2.1946,2.1585
-1.8774,1.4424
-1.9538,2.2968
-2.1772,2.0772
-2.018,2.0085
-2.2689,2.0565
-2.1804,2.1559
-1.6676,1.7125
-1.6096,1.7746
-1.7954,1.7994
-1.7322,1.895
-1.6247,2.0427
-1.929,1.8771
-1.7526,2.4355
-2.0359,1.9835
-2.4096,1.7485
-2.0266,1.7997
-2.3759,1.7549
-1.6533,2.1646
-1.9059,1.9578
-1.9718,2.1926
-2.1467,1.9312
-1.7461,1.8871
-1.9412,1.5693
-2.0071,1.9865
-2.0609,2.0965
-1.9424,2.0126
-2.1281,2.0399
-2.0738,1.995
-2.0207,2.0662
-1.5842,2.2423
-1.8848,2.1146
-1.8393,1.6077
-2.4018,2.2811
-1.8402,2.2056
-1.7793,2.1532
-1.8674,2.2565
-2.0097,2.1625
-1.5685,2.0388
-2.0414,1.9061
-2.0857,1.8125
-2.3393,2.0462
-2.225,1.6179
-2.2012,2.0496
-2.3274,2.0327
-2.4107,2.1388
-2.1863,1.707
-1.9727,2.0639
-2.1706,1.8609
-2.1797,1.8581
-2.3495,2.345
-1.8134,2.3777
-2.0085,1.8499
-1.7602,2.2075
-1.9081,2.2342
-2.023,1.972
-1.934,1.9634
-2.0232,2.0567
-1.8364,1.8713
-2.2096,1.6931
-1.7134,2.1337
-2.0009,1.758
-1.9706,2.1399
-1.8737,2.2957
-2.3686,2.1649
-1.7741,2.2777
-2.0088,1.8354
-2.1089,1.9765
-2.0601,1.8603
-2.0843,2.2647
-2.0148,1.9118
-2.1908,1.9716
-2.3549,2.2542
-1.6006,2.3269
-1.8944,1.7858
-2.2331,1.9384
-1.6855,2.0362
-1.8278,1.9521
-2.3111,2.2512
-2.3148,2.0091
-1.7441,1.9484
-1.9361,2.1674
-2.2052,1.7448
-1.787,1.8901
-1.9453,2.1532
-2.1817,1.7313
-1.8649,2.2968
-2.1573,1.8997
-2.1473,1.8924
-2.277,1.8017
-1.8016,2.1363
-1.6604,2.3023
-1.8369,1.7859
-2.1414,1.856
-1.7911,2.3742
-2.4666,2.2627
-1.8786,1.8364
-1.71,2.1934
-2.1086,1.5165
-1.8507,1.9527
-1.5141,1.9895
-2.0144,1.762
-1.8984,1.9506
-1.7822,1.9816
-1.982,2.1507
-2.3777,1.9296
-2.0775,2.1467
-1.901,2.0495
-2.0268,1.8729
-1.9722,1.709
-2.0656,1.9478
-1.9266,1.9267
-2.0099,1.8686
-2.0281,2.1073
-2.3716,2.1761
-2.0507,2.0101
-2.1205,1.7363
-2.2115,1.6326
-1.5086,2.2222
-2.2644,1.9924
-1.804,1.9659
-2.1359,1.9344
-1.5373,2.0897
-1.8832,2.016
-1.839,2.0923
-1.9656,1.6695
-2.1992,2.11
-1.9079,2.4557
-2.424,2.1966
-2.0232,2.0485
-2.1422,1.9935
-2.244,1.6894
-2.0553,1.9765
-1.5799,1.7797
-2.2372,1.7379
-1.8453,1.8765
-1.9146,1.9602
-2.295,1.5873
-1.8059,2.3879
-2.1001,1.9247
-1.5963,1.9057
-1.9443,2.0061
-2.0559,1.7559
-1.6655,2.2505
-2.0346,1.9453
-1.9821,2.5148
-2.0774,1.9598
-1.7408,2.1497
-1.9122,2.2145
-1.9996,2.1665
-2.2137,2.3149
-2.471,2.226
-1.8467,2.1078
-1.9942,2.0271
-1.8281,2.1853
-2.3933,2.051
-1.8725,1.7879
-2.1826,2.1423
-1.8629,1.9786
-1.522,2.1585
-2.109,2.0495
-1.8851,2.2648
-2.0974,2.186
-1.6396,1.8402
-1.7753,2.1939
-1.8304,2.1953
-1.9096,2.2792
-2.1242,1.9602
-2.0212,1.7918
-2.0792,2.0742
-1.7867,1.8811
-2.1396,1.9906
-2.0473,2.159
-1.9219,1.9281
-2.3389,2.1428
-2.3132,1.7429
-1.8156,1.7439
-2.0007,2.1656
-2.0696,1.8765
-2.2621,2.2667
-1.7519,1.6319
-1.9803,1.9686
-1.6916,2.1548
-1.8614,1.6292
-1.7947,1.7229
-2.0784,2.2857
-2.0721,2.3948
-1.7545,2.1666
-0.73234,-2.0858
0.089805,-1.3954
-0.47762,-2.0345
-0.22536,-1.747
0.42262,-3.4361
-0.79777,-1.5694
0.060337,-1.3325
-0.64582,-2.4222
-0.58736,-2.7278
1.6595,-1.7447
0.57658,-2.1057
0.56277,-1.8183
0.24648,-2.0184
-0.94308,-2.5839
-0.043133,-1.3819
-0.32635,-2.181
-1.4005,-1.0388
0.0046532,-2.0987
-0.60522,-0.79601
0.17686,-2.4466
-0.40364,-2.7941
0.74148,-2.4639
0.40617,-1.5232
-0.74307,-1.6722
0.40309,-1.6791
0.29782,-0.94872
-0.24259,-1.6033
0.24765,-2.7981
-0.19992,-2.3411
0.27097,-3.0737
0.055263,-1.6264
-0.56439,-0.92107
-1.6884,-1.8272
0.56111,-2.9321
-0.25141,-2.1584
-0.412,-1.4226
-0.43356,-1.3638
1.0246,-1.7266
-0.26122,-2.7408
1.3566,-3.0844
-0.2093,-1.7439
-0.46197,-2.1588
-0.36277,-2.4701
0.054651,-1.4249
-0.41875,-1.9928
-0.35941,-1.9996
-0.61765,-1.9444
-0.25193,-0.85358
0.0097314,-2.9858
-0.68746,-2.2304
-0.28302,-2.2752
0.27596,-1.5463
0.099173,-1.6651
-0.043122,-2.3987
0.024433,-1.1926
0.57034,-2.4686
-0.094522,-1.8787
0.40756,-1.8853
0.55213,-2.3301
0.24878,-0.53251
0.13739,-0.71932
-0.4455,-1.7156
-0.64605,-0.46969
0.010049,-3.1183
-1.1591,-1.0345
0.93687,-1.9686
0.10453,-2.31
-0.1657,-2.1048
0.34917,-2.947
0.22873,-2.3354
-0.53397,-2.5899
-0.14476,-1.4408
-0.39258,-2.6413
0.30742,-0.035165
0.77532,-2.9016
-0.90938,-1.7325
-0.48703,-1.5529
-0.41625,-1.7784
-0.66374,-2.4102
-0.6687,-2.4154
-0.050078,-2.849
-0.24593,-1.2734
0.06329,-1.7803
-1.0752,-2.7657
-0.27161,-2.4838
0.2367,-1.7837
0.14418,-1.7352
-0.44642,-1.9008
-0.37019,-2.944
-0.32171,-1.8634
-0.676,-2.4612
-0.52837,-2.3497
-0.041699,-1.5446
-0.026643,-2.5187
-0.010347,-2.7867
1.2615,-2.5791
0.31379,-1.6151
-0.22453,-1.772
0.68046,-2.3586
0.16233,-1.0979
-0.61025,-2.4213
0.45717,-2.2558
-0.31566,-2.7114
-0.01677,-1.5887
0.055473,-1.764
-0.44035,-2.68
0.22758,-2.2839
0.084663,-2.3037
-0.14045,-1.3735
0.28149,-1.9602
0.70626,-2.5128
0.47832,-2.4448
-0.20626,-1.4355
0.26878,-2.9617
-0.62337,-2.2046
-0.57103,-1.8804
0.49934,-2.4034
-0.34416,-2.101
0.083227,-2.0101
-0.0974,-2.3103
-0.69868,-0.95499
0.15771,-2.2396
0.56517,-2.0637
0.33943,-2.1297
0.41541,-2.1356
-0.37358,-1.5388
-0.31921,-1.6422
-0.065482,-2.662
0.26771,-2.2829
0.17133,-2.2121
-0.079607,-1.0292
0.33576,-2.038
0.50663,-1.9237
0.16843,-1.5189
-0.6295,-2.7947
-0.56518,-1.5941
0.25984,-2.4667
-0.14327,-2.23
0.41707,-1.8101
-0.45498,-2.0392
0.29772,-1.8921
-0.066316,-0.77831
0.22545,-2.0684
0.025961,-2.5544
-0.11287,-1.3264
0.38319,-1.6378
-0.42305,-2.1299
0.91855,-2.7038
1.0431,-2.5954
-0.36478,-2.3885
-0.23335,-1.8267
-0.030264,-2.1242
-0.21634,-2.062
-0.86597,-1.5713
0.70266,-0.94298
-0.59981,-1.9376
0.57657,-1.9611
0.59826,-1.4101
1.1512,-2.3015
0.75034,-1.1996
-0.57671,-1.1782
0.35671,-1.5289
0.51117,-1.9807
-0.68,-1.7811
-0.36787,-1.8994
-1.0759,-2.9622
1.0319,-1.9902
-0.084962,-1.7414
-0.063391,-2.3717
-0.47149,-1.492
0.47799,-1.9026
-0.40801,-2.0836
1.5207,-2.1884
-0.16414,-2.0807
0.43409,-1.7901
0.10679,-2.5892
-0.80681,-0.7644
0.39426,-2.3228
0.46198,-1.3928
-0.097803,-1.8074
0.51245,-2.1653
-0.43191,-2.872
-0.31857,-2.2731
-0.21967,-1.9925
-0.88084,-2.2266
0.512,-2.2859
0.56572,-1.8967
0.79028,-3.0219
-0.44015,-2.5031
-0.8573,-1.0733
-0.83284,-1.4658
-0.66837,-0.9177
0.008708,-1.8833
0.35107,-0.96186
0.32756,-1.6105
-0.65339,-2.5569
0.98067,-1.9443
1.2995,-1.4352
-0.28087,-2.0432
0.18496,-2.6492
1.4457,2.2387
2.0119,1.6389
1.8694,1.6777
1.9745,1.9055
2.6417,2.3422
1.4378,1.6857
2.5147,2.6855
2.2703,2.5426
2.2314,1.3331
1.8239,1.875
1.473,1.333
2.5181,2.5732
2.5127,2.6426
2.1244,1.8548
2.0599,1.9382
2.123,2.2093
2.2509,2.2687
0.96811,1.9462
2.293,1.9901
2.2753,1.7664
2.1427,2.6784
2.1991,2.8084
2.672,2.1907
2.6476,2.1282
1.3993,1.1562
1.5276,1.901
1.9859,1.5531
1.6459,1.7665
1.7878,1.9125
2.31,2.1707
1.9829,1.9572
1.5446,2.2666
2.2901,2.4769
1.922,2.2332
2.4047,2.2779
1.4854,2.0544
1.8113,1.8561
1.7797,2.3203
2.299,2.2247
1.7395,1.7879
2.801,2.7501
1.2933,1.9582
1.6653,1.8372
1.0695,1.9104
1.9254,2.3836
1.8421,2.1978
2.0862,1.9675
1.4684,1.3057
2.0995,1.9169
1.8397,1.8542
1.9198,2.6563
1.7391,1.9703
1.8839,2.2354
2.9939,2.1133
1.8889,1.9681
2.3922,2.0896
2.1697,1.8901
1.9599,2.022
2.4885,1.6072
2.0894,2.407
1.521,2.4359
1.6285,1.8866
2.3364,2.2291
1.8325,2.2711
3.033,1.7366
1.6862,1.8216
1.975,2.4031
1.1958,2.1385
2.2714,2.2439
1.4525,2.1801
2.7176,1.5388
1.8337,1.9558
1.6951,1.6762
2.2537,1.1927
2.2264,1.8598
2.0501,1.926
1.7738,1.5933
1.9969,1.7289
1.5225,2.3684
1.9175,1.8228
2.0149,2.2506
2.1589,2.5977
2.3961,1.4653
2.63,2.3295
2.4635,1.7148
1.9486,2.1712
1.9318,1.9781
1.5803,2.3948
2.6375,1.7705
1.9689,1.6646
2.266,1.7757
1.9055,1.5812
1.6613,1.9708
2.2924,1.2887
2.041,2.4986
1.8737,2.068
1.6093,1.7036
1.7552,2.1424
2.214,2.3049
2.0145,1.8319
1.8483,1.9899
2.5156,1.0747
1.4366,2.2652
1.7375,2.4995
1.5706,1.8629
2.0356,2.1371
1.8983,1.9306
2.2195,1.7714
1.5195,2.0339
2.0078,1.7506
1.6289,1.2056
2.0977,2.045
1.282,2.0913
2.2161,1.9863
2.6275,2.2274
1.9561,2.1493
1.9629,2.5507
1.6674,2.3277
2.0297,2.8678
1.877,2.4017
2.2587,2.0375
1.7816,1.6231
1.3274,1.9612
2.3146,2.8751
2.0741,1.456
2.1818,1.4357
2.5865,1.7823
1.9796,2.4916
1.4235,2.3986
2.0683,1.0442
1.673,1.7517
2.1286,1.8524
2.371,2.0794
1.9907,2.006
1.9792,2.4879
1.9467,1.5647
2.3909,2.0816
2.9498,1.8568
1.4787,2.0103
2.0975,1.3213
1.5355,1.6956
2.5845,1.9013
2.8942,1.5818
2.3136,1.5212
1.7499,2.2919
1.6182,2.3867
2.1721,1.7185
1.7353,1.431
1.8303,2.1689
1.7898,1.772
1.4656,1.7473
1.4686,1.9946
1.9766,1.7078
1.9684,1.5675
1.4463,2.0705
1.8462,1.7238
1.1276,2.1096
2.1909,1.8523
2.1151,2.4605
1.9094,2.3164
2.7795,2.1529
1.8085,1.7738
1.9,2.1154
1.8668,2.0565
2.2696,2.531
1.9174,2.1951
1.569,2.3308
2.1269,2.5209
1.789,2.1689
1.8087,2.3701
3.0765,1.7091
1.9798,1.7607
1.8784,1.4813
2.3626,1.8838
1.96,2.5138
2.2565,2.9465
1.6487,2.4165
1.3984,1.7932
2.1791,1.2489
1.6285,2.3751
2.0263,2.2611
2.2802,1.3813
2.0926,1.9193
1.5424,1.7783
2.6369,1.7021
1.2794,1.9423
1.7167,2.8263
2.3258,1.7686
1.9913,1.9184
2.8901,2.5051
2.9275,2.1859
1.9194,2.4048
2.3514,2.8543
2.2022,2.3894
1.4013,2.0864
2.0588,2.9521
2.2346,1.5067
2.9461,2.2922
2.1107,2.0469
2.5587,1.7255
